iter 0: 
func = 1.75373e+07
norma = 0
ResCoeff[0] = -5
ResCoeff[1] = 5
----------------------------------------------------------------
iter 1: 
ResCoeffs[0] = -2.3963400351058763
ResCoeffs[1] = -253.72047779949492
func = 647709245.80185342
norma = 258.73357856685658
----------------------------------------------------------------
iter 2: 
ResCoeffs[0] = 337.67837606738874
ResCoeffs[1] = -126.43207272384308
func = 79008355763.365906
norma = 363.11589141608158
----------------------------------------------------------------
iter 3: 
ResCoeffs[0] = 185.40195330287949
ResCoeffs[1] = -21097.10923815921
func = 4467288691557.2207
norma = 20971.230027965506
----------------------------------------------------------------
iter 4: 
ResCoeffs[0] = -10782.719237880188
ResCoeffs[1] = -10539.561473623398
func = 82839279810001.938
norma = 15223.714962680238
----------------------------------------------------------------
iter 5: 
ResCoeffs[0] = -5811.2305715004813
ResCoeffs[1] = 225797.15774042398
func = 534029324867817.06
norma = 236389.00259618557
----------------------------------------------------------------
