iter 0: 
I1 = 50
I2 = 60.1
I3 = 70
func = 344.573
norma = 0
iter 1: 
I1 = -4.34754
I2 = 5.00003
I3 = 15.6525
func = 5.89883e-08
norma = 94.5691
iter 2: 
I1 = -4.34996
I2 = 4.99999
I3 = 15.65
func = 1.16786e-11
norma = 0.00341515
